24001
24002
24003
24004
24005
24006
24007
24008
24009
24010
24011
24012
24013
24014
24015
24016
24017
24018
24019
24020
24021
24022
24024
24025
24026
24027
24028
24029
24030
24031
24032
24036
24037
24038
24039
24040
24041
24042
24043
24044
24045
24046
24047
24048
24500
24501
25008
25028
25037
25038
26001
26002
26003
26004
26005
26006
26007
26008
26009
26010
26011
26012
26013
26014
26015
26016
26017
26018
26019
26020
26021
26022
26023
26024
26025
26026
26027
26028
26029
26030
26031
26032
26033
26034
26035
26300
26301
26500
26502
27001
27002
27003
27004
27005
27006
27007
27020
27027
27028
27029
27030
27031
27032
27033
27034
27035
27036
27037
27038
27039
27300
28003
28004
28005
28006
28007
28013
28014
28015
28016
28017
28032
28033
28034
28036
28037
28038
28039
28040
28041
28042
28043
28044
28045
28046
36001
36002
36003
36004
36005
36006
36007
36008
36009
36010
36011
36012
36013
36014
36015
36016
36017
36018
36019
36020
36021
36022
36023
36024
36025
36026
36027
36028
36029
36030
36031
36300
36301
36302
36303
37001
37002
37008
37009
37010
37011
37012
37013
37014
37015
37024
37030
37031
37032
37033
37035
37036
37037
37038
37039
38001
38002
38003
38004
38005
38006
38007
38008
38009
38010
38011
38012
38013
38014
38015
38016
38017
38018
38019
38020
38021
38022
38023
38024
38025
38026
38027
38028
38029
38030
38031
38032
38033
38034
38035
38036
38037
38038
38039
38040
38041
38042
38043
38044
38045
38047
38048
38049
38050
38051
38300
38501
39006
39007
39008
39009
39010
39011
39012
39013
39014
39015
39016
39017
39018
39019
39020
39021
39022
39023
39024
39025
39031
39032
39033
39034
39035
39036
39037
39038
39039
39040
39041
39042
39043
39044
39046
39047
39048
39049
39050
39051
39052
39053
39054
39055
39056
39057
39058
39059
39060
39061
42001
42002
42003
42004
42005
42006
42007
42008
42009
42010
42011
42012
42013
42014
42015
42016
42017
42018
42019
42020
42021
42022
42023
42024
42025
42028
42029
42030
42033
42034
42035
42036
42037
42038
42039
42040
42041
42042
42043
42044
42045
42046
42047
42048
42049
42050
42051
42052
42053
42055
42300
42301
42302
42303
42304
42404
42405
42406
42407
42408
42500
42501
42503
48001
48002
48003
48004
48005
48006
48007
48008
48009
48010
48011
48012
48013
48014
48700
49001
49002
49003
49004
49005
49006
49007
49008
49009
49010
49011
49012
49013
49014
49015
49016
49017
49018
49019
49020
49021
49022
49023
49025
49026
49027
49028
49029
49030
49031
49032
49033
49034
49035
49036
49300
49500
50001
50002
50003
50004
50006
50007
50008
50009
50010
50011
50012
50013
50014
50015
50016
50017
50018
50019
50020
50021
50022
50023
50024
50025
50026
50027
50028
50029
50030
50031
50033
50034
50036
50037
50038
50039
50040
50041
50300
51001
51004
51005
51006
51009
51013
51018
51019
51020
51021
51022
51023
51024
51025
51026
51027
51501
58001
58002
58003
58004
58005
58006
58007
58008
58009
58010
58011
58012
58013
58014
58015
58016
73001
73002
73003
73004
73005
73006
73007
73008
73009
73010
73011
73012
73013
73014
73015
73016
73017
73018
73019
73020
73021
73405
73406
73407
75001
75002
75003
75004
75005
75006
75007
75008
75009
75010
75011
75012
75013
75014
75015
75016
75017
75018
75019
75020
75021
75022
75023
75024
75025
75026
75027
75028
75403
75404
75405
75406
75407
75410
76001
76002
76003
76004
76005
76006
76007
76008
76009
76010
76011
76012
76013
76014
76015
76016
76017
76018
76500
77001
77002
77003
77004
77005
77006
77007
77008
77009
77010
77401
77402
77403
77404
77405
77406
77407
77408
77409
78001
78002
78003
78004
78005
78006
78007
78008
78009
78010
78011
78012
78013
78018
78019
78020
78021
78022
78023
78024
78025
78026
78401
78402
80001
80002
80003
80004
80005
80006
80007
80008
80009
80010
80015
80026
80027
80028
80030
80037
80300
80301
80302
80500
81001
81002
81005
81006
81007
81008
81009
81010
81011
81012
81013
81014
81015
81016
81017
81018
81019
81020
84001
84002
84003
84004
84005
84006
84007
84008
84009
84010
84011
84012
84013
84014
84015
84016
84017
84018
84019
84020
84021
84022
84023
84024
84025
84026
84027
84028
84029
84030
84031
84032
84033
84034
84035
84036
84037
84038
84039
84040
84041
84042
84043
84044
84045
84046
84047
84048
84300
84301
85001
85002
85003
85004
85005
85006
85007
85008
85009
85010
85011
85012
85013
85014
85015
85016
85017
85018
85019
85020
85021
85022
85023
85024
85025
85026
85027
85029
85031
85032
85033
85034
85035
85036
85037
85038
85039
85040
85041
85042
85043
85044
85045
85046
85047
85048
86001
86002
86003
86004
86005
86006
86007
86008
86009
86010
86011
86012
86013
86014
86015
86016
86017
86018
86019
86020
86021
86022
86023
86024
86025
86026
86027
86028
86029
86030
86031
86032
86033
86034
86035
86036
86037
86038
86501
86506
87001
87002
87003
87004
87005
87006
87007
87008
87009
87010
87011
87012
87014
87015
87019
87020
87021
87022
87023
87024
87025
87026
87027
87028
87029
87030
87031
87032
87033
87034
87035
87036
87037
94001
94002
94003
94004
94005
94006
94007
94008
94009
94010
94011
94012
94013
94014
94015
94016
94017
94018
94019
94020
94021
94022
94023
94024
94025
94026
94027
95001
95002
95003
95004
95005
95006
95007
95008
95009
95010
95011
95012
95013
95014
95015
95016
95017
95018
95019
95020
95021
95022
95023
95024
95025
95026
95027
95028
95029
95030
95031
95032
95033
95034
95035
95036
95037
95505
95506
95509
95511
96001
96002
96003
96004
96005
96006
96038
96039
96040
96041
96042
96043
96044
96045
96046
96047
96048
96049
96050
96051
96052
96053
98001
98002
98003
98004
98008
98009
98010
98011
98012
98013
98014
98015
98016
98017
98018
98019
98020
98021
98022
98023
98024
98025
98026
98027
98028
98029
98030
98031
98032
98033
98034
98035
98036
98037
98038
98039
98040
98041
98300
98301
98503
98504
40001
40002
40003
40004
40005
40006
40007
40008
40009
40010
40011
40012
40013
40014
40015
40016
40017
40018
40019
40020
40021
40022
40023
40024
40025
40026
40027
40028
40029
40030
40031
40032
40402
41001
41002
41003
41004
41005
41006
41007
41008
41009
41010
41011
41012
41013
41014
41015
41016
41017
41018
41019
41020
41021
41022
41023
41024
41025
41026
41027
41029
41030
41031
41032
41033
41034
41035
41036
41037
41038
41039
41040
41041
41042
41043
41044
41045
41046
41047
41048
41049
41050
41051
41052
41053
41055
41056
41057
41058
41059
41060
41061
41062
41063
41403
41404
41405
41406
41407
41408
41501
41502
41503
41504
41505
41506
41514
41517
41532
41535
41542
41547
41601
44001
44002
44003
44004
44005
44006
44007
44008
44009
44010
44011
44012
44013
44014
44015
44016
44017
44018
44019
44020
44021
44022
44023
44024
44025
44026
44027
44029
44030
44031
44032
44033
44034
44035
44036
44037
44038
44039
44040
44041
44042
44043
44044
44401
44402
44403
44404
44405
44501
44503
44505
44507
44512
44515
44601
44602
44603
44604
44605
44606
45001
45002
45003
45004
45005
45006
45007
45008
45009
45010
45011
45012
45013
45014
45015
45016
45017
45018
45019
45020
45021
45022
45023
45024
45025
45026
45027
45028
45029
45030
45031
45032
45033
45034
45035
45036
45037
45038
45039
45040
45041
45042
45043
45044
45045
45046
45047
45048
45049
45050
45401
45402
45403
45404
45405
45407
45408
45409
45410
45411
45412
45413
45414
45502
45505
45519
45533
46001
46002
46003
46004
46005
46006
46007
46008
46009
46010
46011
46012
46013
46014
46015
46016
46017
46018
46019
46020
46021
46022
46023
46024
46025
46026
46027
46028
46029
46030
46031
46032
46033
46034
46035
46036
46037
46038
46039
46040
46041
46042
46043
46044
46045
46046
46047
46048
46049
46050
46051
46052
46053
46054
46055
46056
46057
46058
46059
46060
46061
46062
46401
46402
46403
46405
46406
46407
46408
46409
46410
46411
46412
46413
46414
46416
46501
46502
46534
47001
47002
47003
47004
47005
47006
47007
47008
47009
47010
47011
47012
47013
47014
47015
47016
47017
47018
47019
47020
47021
47022
47023
47024
47025
47026
47027
47028
47029
47030
47031
47032
47033
47034
47035
47036
47037
47038
47039
47040
47041
47042
47043
47044
47045
47401
47402
47403
47404
47405
47406
47407
47408
47409
47410
47411
47412
47501
47508
47511
47517
47518
47530
47534
47545
47601
47602
47603
52006
52007
52013
52014
52406
52407
52408
52409
52410
53001
53002
53003
53004
53005
53006
53007
53008
53009
53010
53011
53012
53013
53014
53015
53016
53017
53018
53019
53020
53021
53022
53023
53024
53025
53026
53027
53028
53029
53030
53031
53032
53033
53034
53035
53036
53037
53038
53039
53040
53041
53042
53043
53044
53045
53046
53047
53048
53049
53050
53051
53052
53053
53054
53055
53056
53057
53058
53060
53401
53402
53403
53404
53405
53406
53407
53408
53409
53411
53412
53414
53415
53504
53548
54001
54002
54003
54004
54005
54006
54007
54008
54009
54010
54011
54012
54013
54014
54015
54016
54017
54018
54019
54020
54021
54022
54023
54024
54025
54026
54027
54031
54032
54401
54402
55001
55002
55003
55004
55005
55006
55007
55008
55009
55010
55011
55012
55013
55014
55015
55016
55017
55018
55019
55020
55021
55022
55023
55024
55025
55026
55027
55028
55029
55030
55031
55032
55033
55034
55035
55036
55037
55038
55039
55040
55041
55042
55043
55044
55045
55046
55047
55048
55049
55050
55051
55052
55053
55054
55055
55056
55057
55058
55059
55060
55061
55062
55063
55064
55065
55066
55067
55068
55069
55070
55071
55072
55073
55074
55075
55076
55077
55078
55079
55080
55081
55082
55083
55084
55403
55404
55405
55406
55407
55408
55409
55410
55411
55412
55413
55414
55415
55501
55516
55517
55518
55523
55537
55538
55542
55548
55558
55564
55601
56001
56002
56003
56004
56005
56006
56007
56008
56009
56010
56011
56012
56013
56014
56015
56016
56017
56018
56019
56020
56021
56022
56023
56025
56026
56027
56028
56029
56030
56031
56032
56033
56034
56035
56036
56037
56038
56039
56040
56041
56042
56043
56044
56045
56401
56402
56403
56405
56406
56407
56543
57001
57002
57003
57004
57005
57006
57007
57008
57009
57010
57011
57012
57013
57015
57016
57018
57019
57020
57021
57024
57401
57402
57403
57404
57405
57406
57407
57601
57602
57603
57604
57605
57606
59001
59002
59003
59004
59005
59006
59007
59008
59009
59010
59011
59012
59013
59014
59015
59016
59017
59018
59019
59020
59021
59022
59023
59024
59025
59026
59027
59028
59029
59030
59031
59032
59033
59034
59035
59401
64001
64002
64003
64004
64005
64006
64007
64008
64009
64010
64011
64012
64013
64014
64015
64016
64018
64019
64020
64021
64022
64023
64024
64025
64026
64028
64029
64030
64031
64032
64033
64034
64401
64402
64403
64405
64510
64519
64533
65001
65002
65003
65004
65005
65006
65007
65008
65009
65010
65011
65012
65013
65014
65015
65016
65017
65018
65019
65020
65021
65022
65023
65024
65025
65026
65027
65028
65029
65030
65031
65032
65033
65034
65035
65036
65037
65038
65039
65040
65041
65042
65043
65044
65045
65046
65047
65048
65049
65050
65051
65052
65053
65054
65055
65057
65058
65401
65404
65501
65502
65503
65505
65512
65515
65517
65526
65528
65551
65557
66001
66002
66003
66004
66005
66006
66007
66008
66009
66010
66011
66012
66013
66014
66015
66016
66017
66018
66019
66020
66021
66022
66023
66024
66025
66026
66027
66028
66401
66502
66503
66517
67002
67003
67004
67005
67006
67007
67008
67009
67010
67011
67012
67013
67014
67015
67016
67017
67018
67019
67020
67021
67022
67023
67024
67401
67402
67403
67404
67405
67406
67407
67502
67506
67507
67601
67602
67603
67604
67605
67606
67607
67608
67609
67610
67611
67612
67613
67614
67615
67616
67617
67618
67619
67620
68001
68002
68003
68004
68005
68006
68007
68008
68601
68602
68603
68604
68605
69001
69002
69003
69004
70101
70102
70115
70411
70412
70601
70602
70603
71001
71002
71003
71004
71005
71006
71007
71008
71009
71010
71011
71012
71013
71014
71015
71016
71017
71018
71019
71020
71021
71022
71023
71024
71025
71026
71027
71028
71029
71030
71031
71032
71033
71034
71035
71036
71037
71038
71039
71040
71041
71042
71043
71401
71402
71403
71404
74001
74002
74003
74004
74005
74006
74007
74008
74009
74010
74011
74012
74013
74014
74015
74016
74513
79001
79002
79003
79004
79005
79006
79007
79008
79009
79010
79011
79012
79013
79014
79015
79016
79017
79018
79019
79020
79021
79022
79023
79024
79025
79026
79027
79028
79029
79030
79031
79032
79045
79046
79047
79048
79049
79051
79052
79401
79402
79403
79404
79405
79507
79512
79513
79519
79520
79521
79523
79524
79525
79528
79547
79548
79591
79595
79601
79602
79603
79604
79605
79606
79607
79608
79609
79610
79611
79612
79633
79644
82001
82003
82006
82007
82008
82013
82014
82015
82016
82025
82027
82028
82029
82030
82401
82402
82403
82404
82405
82406
82407
82408
82409
82410
82411
82412
82413
82414
82415
82416
83001
83002
83003
83004
83005
83006
83007
83008
83009
83010
83401
83402
83403
83404
83405
83501
88001
88002
88003
88004
88005
88006
88007
88008
88009
88010
88011
88014
88015
88401
89001
89002
89003
89004
89005
89006
89007
89008
89009
89010
89011
89012
89013
89014
89015
89016
89017
89018
89300
89301
89302
89512
89513
89514
89515
89516
01001
01002
01003
01004
01005
01006
01007
01008
01009
01011
01012
01013
01014
01015
01016
01017
01018
01020
01030
01301
01302
01303
01304
02001
02002
02003
02004
02005
02006
02007
02008
02009
02010
02011
02012
02013
02014
02015
02016
02017
02018
02019
02020
02021
02022
02023
02024
02025
02026
02027
02028
02031
02032
02034
02035
02036
02037
02038
02039
02040
02041
02042
02044
02045
02046
02047
02048
02049
02050
02051
02052
02053
02054
02055
02056
02057
02058
02059
02060
02061
02062
02063
02064
02065
02066
02070
02300
02301
02302
02303
02304
02305
02500
03001
03002
03003
03004
03005
03006
03007
03008
04001
04002
04003
04004
04005
04006
04007
04008
04009
04010
04011
04012
04013
04014
04015
04016
04017
04018
04019
04020
04021
04022
04023
04024
04025
04026
04027
04028
05001
05002
05003
05004
05005
05006
05007
05008
05009
05010
05011
05012
05013
05014
05015
05016
05017
05018
05019
05020
05021
05022
05023
05024
05025
05026
05027
05708
06002
06003
06004
06005
06006
06008
06009
06010
06011
06012
06013
06014
06015
06016
06017
06018
06019
06020
06021
06022
06023
06024
06025
06026
06027
06028
06029
06030
06031
06032
06033
06034
06035
06036
06037
06038
06039
06040
06041
06042
06043
06044
06300
06301
06302
06303
06304
06306
06308
06309
06310
06716
07001
07002
07003
07004
07005
07006
07007
07008
07009
07010
07011
07012
07013
07014
07015
07016
07017
07018
08001
08002
08003
08004
08005
08006
08007
08008
08009
08010
08011
08012
08013
08014
08015
08016
08017
08018
08019
08020
08021
08022
08023
08024
09001
09002
09003
09004
09005
09006
09007
09008
09009
09010
09011
09012
09013
09014
09015
09016
09017
09018
09019
09020
09021
09022
09023
09024
09025
09026
09027
09028
09029
09030
09031
09032
09033
09034
09035
09036
09037
09038
09501
10004
10005
10006
10007
10009
10010
10011
10012
10013
10014
10015
10017
10018
10019
10020
10021
10022
10023
10024
10025
10026
10027
10028
10029
10030
10031
10032
10033
10034
10038
10039
10040
10041
10042
10043
11006
11007
11008
11010
11011
11012
11013
11014
11015
11016
11017
11018
11019
11020
11021
12001
12003
12004
12005
12006
12007
12008
12009
12010
12011
12012
12013
12014
12015
12016
12017
12018
12038
12039
12040
12041
12042
12043
12044
12045
13001
13002
13003
13004
13005
13006
13007
13008
13009
13010
13011
13012
13013
13014
13015
13016
13017
13018
13019
13020
13024
13025
13026
13027
13028
13029
13030
13031
13032
13033
13034
13035
13036
13037
13038
13039
13040
13042
13043
13044
13045
13046
13047
13048
13049
13050
13051
13052
13053
13054
13055
13056
13057
13301
13500
13543
13700
13719
13727
13728
15001
15002
15003
15004
15005
15006
15007
15008
15009
15010
15011
15012
15013
15014
15015
15016
15301
15302
15303
15304
15305
15306
15307
15308
15309
16004
16005
16006
16007
16008
16009
16010
16011
16012
16013
16014
16015
16016
16017
16018
16019
16021
16022
16023
16025
16026
16028
16029
16030
16033
16034
16035
16036
16037
16041
16042
16043
16044
16045
16046
16047
16048
16049
16300
16301
16302
16303
16304
16305
16306
16307
16308
16500
16501
16514
17001
17002
17003
17004
17005
17006
17007
17008
17009
17010
17012
17013
17014
17015
17016
17017
17018
17019
17020
17021
17022
17023
17024
17025
17026
17027
17028
17029
17030
17031
17032
17033
17034
17035
17036
17037
17038
17039
17040
17041
17043
17044
17045
17046
17047
17306
17307
17308
17500
17501
18001
18002
18003
18004
18005
18006
18007
18008
18009
18010
18011
18012
18013
18014
18015
18016
18017
18018
18019
18020
18021
18022
18023
18024
18025
18026
18027
18301
18302
19001
19002
19003
19004
19005
19006
19007
19008
19009
19010
19011
19013
19014
19015
19016
19018
20001
20002
20003
20004
20005
20006
20007
20008
20009
20010
20011
20012
20013
20014
21001
21002
21003
21004
21005
21006
21007
21008
21009
21010
21011
21013
21014
21015
21016
21017
21018
21019
21020
21021
21022
21023
21024
21025
21026
21027
21028
21029
21030
21031
21032
21033
21034
21035
22001
22002
22003
22004
22005
22006
22007
22008
22009
22010
22011
22012
22013
22014
22300
22301
22302
22303
22304
23001
23002
23003
23004
23005
23006
23007
23008
23009
23011
23012
23013
23014
23015
23016
23017
23018
43011
43012
43013
43014
43015
43016
43017
43018
43020
43021
43022
43027
43028
43029
43030
43031
43032
43033
43035
43501
60001
60002
60003
60004
60005
60006
60007
60008
60009
60010
60011
60012
60013
60014
60015
60016
60017
60018
60019
60020
60021
60022
60024
60025
60026
60027
60028
60029
60030
60031
60032
60033
60034
60035
60036
60037
60038
60039
60040
60041
60042
60043
60044
60045
60046
60047
60048
60049
60051
60052
60053
60054
60055
60056
60057
60058
60059
60060
60061
60062
60063
60064
60066
60067
60068
60069
60070
60072
60073
60079
60103
60401
60402
60403
60404
60501
60502
60503
60504
61001
61002
61003
61004
61005
61006
61007
61008
61009
61010
61011
61012
61013
61014
61015
61016
61017
61018
61019
61020
61021
61022
61023
61024
61025
61026
61027
61028
61029
61030
61031
61032
61033
61034
61035
61036
61037
61039
61040
61041
61042
61043
61044
61045
61046
61047
61048
61049
61050
61051
61052
61053
61054
61055
61056
61057
61058
61059
61060
61061
61062
61063
61064
61065
61066
61067
61068
61069
61070
61071
61072
61073
61074
61075
61076
61077
61078
61079
61080
61081
61082
61083
61085
61086
61087
61088
61089
61090
61091
61092
61093
61094
61095
61096
61097
61098
61099
61100
61101
61102
61103
61106
61107
61108
61109
61110
61111
61112
61113
61114
61115
61116
61117
61118
61119
61120
61121
61122
61123
61124
61125
61501
61502
61503
61504
61507
61508
61519
61542
61583
61701
61704
62001
62002
62003
62004
62006
62008
62009
62010
62011
62012
62013
62014
62015
62016
62017
62018
62019
62020
62021
62022
62023
62024
62025
62026
62027
62028
62029
62030
62031
62032
62033
62034
62035
62036
62037
62038
62039
62040
62041
62042
62043
62044
62045
62046
62047
62048
62049
62050
62051
62052
62053
62054
62055
62056
62057
62058
62059
62060
62061
62062
62064
62065
62066
62067
62069
62070
62072
62073
62074
62075
62076
62077
62078
62079
62080
62081
62082
62083
62084
62085
62086
62100
62556
63001
63002
63003
63004
63005
63006
63007
63008
63009
63010
63011
63012
63013
63014
63015
63018
63019
63020
63021
63022
63023
63024
63025
63026
63027
63028
63029
63030
63031
63032
63033
63034
63035
63036
63037
63038
63039
63040
63041
63042
63043
63044
63045
63046
63047
63048
63049
63050
63051
63052
63053
63054
63055
63056
63057
63058
63059
63060
63061
63062
63063
63064
63553
63701
97001
97002
97003
97004
97005
97006
97010
97011
97012
97013
97014
97015
97016
97017
97018
97019
97020
97021
97022
97023
97024
97025
97026
97027
97028
97029
97030
97031
97032
97033
97034
97035
97036
97037
97038
97039
97040
97041
97042
97043
97044
97045
97046
97047
97048
97049
97050
97052
97053
97054
97055
97056
97057
97058
97059
97060
97061
97062
97065
97066
97067
97068
97069
97070
97071
97072
97073
97074
97075
97076
97077
97078
97079
97080
97085
97086
97087
97088
97089
97090
97091
97092
97093
97094
97095
97096
97097
97098
97099
97101
97102
97103
97104
97105
97106
97107
97108
97112
97305
97306
97403
97404
97407
97408
97409
97410
97411
97412
97501
97502
97503
97520
97521
97528
97529
97530
97556
97558
97562
97592
97594
97595
97596
97597
01010
01021
02029
02030
02043
02067
02068
02069
10035
10036
10037
11001
11002
11003
11004
11005
11009
11022
11023
11024
11025
11026
11027
11028
11029
11030
11031
11032
11033
11034
11035
11036
11037
11038
11039
11040
11041
12036
12037
13021
13022
13023
13041
13058
13059
14001
14002
14003
14004
14005
14006
14007
14008
14009
14010
14011
14012
14013
14014
14015
14016
14017
14018
14019
14020
14021
14022
14023
14024
14025
14026
14027
14028
14029
14030
14031
14032
14033
14034
14035
14036
14037
14038
14039
14040
14041
14042
14043
14500
14734
14736
16002
16003
16038
16039
16040
23032
23033
29001
29002
29003
29004
29005
29006
29007
29008
29009
29010
29011
29012
29013
29014
29015
29016
29017
29019
29020
29021
29022
29301
29500
29901
29902
29903
29904
30001
30002
30003
30005
30006
30007
30008
30009
30010
30011
30012
30013
30014
30015
30016
30017
30018
30019
30020
30021
30022
30023
30024
30025
30026
30027
30028
30029
30030
30032
30033
30034
30035
30036
30037
30038
30401
30402
30403
31001
31002
31003
31004
31005
31006
31007
31008
31009
31010
31011
31012
31013
31014
31015
31016
31017
31018
31019
31020
31021
31022
31023
31024
31025
31026
31027
31028
31029
31030
31031
31032
31033
31034
31035
31036
31037
31038
31039
31040
31041
31042
31043
31044
31045
31046
31048
31049
31050
31051
31052
31053
31054
31055
31056
31057
31058
31059
31060
31061
31062
31063
31064
31065
31066
31069
31070
31071
31072
31073
31501
31502
32001
32002
32003
32004
32005
32006
32007
32008
32009
32010
32011
32012
32014
32015
32016
32017
32018
32019
32020
32021
32022
32023
32024
32025
32026
32027
32028
32029
32030
32031
32032
32033
32034
32035
32036
32037
32038
32039
32040
32041
32042
32043
32044
32046
32047
32048
32049
32050
32051
32052
32054
32055
32056
32057
32058
32300
32301
32302
33001
33002
33003
33004
33005
33006
33007
33008
33009
33010
33011
33012
33013
33014
33015
33016
33017
33018
33019
33020
33021
33022
33023
33024
33025
33026
33027
33028
33029
33030
33031
33032
33033
33034
33035
33036
33037
33038
33039
33040
33041
33042
33401
33402
33500
33501
33502
33503
33539
34001
34002
34003
34004
34005
34006
34007
34008
34009
34010
34011
34012
34013
34014
34015
34016
34017
34018
34019
34020
34021
34022
34023
34024
34025
34026
34027
34028
34029
34030
34031
34032
34033
34034
34035
34036
34037
34038
34039
34040
35001
35002
35003
35008
35009
35010
35011
35012
35013
35014
35015
35016
35017
35018
35019
35020
35021
35022
35024
35025
35026
35027
35028
35029
35030
35031
35032
35033
35034
35035
35036
35037
35038
35039
35040
35041
35042
35043
35044
35045
35046
35047
35048
35049
35051
35052
35053
35054
35056
35057
35058
35059
35060
35061
43001
43002
43003
43004
43005
43006
43007
43008
43009
43010
43019
43023
43024
43025
43026
43034
43037
43039
43040
43041
43042
90001
90002
90003
90004
90005
90006
90007
90008
90009
90010
90011
90012
90013
90015
90016
90017
90018
90019
90020
90021
90022
90023
90024
90025
90033
90034
90035
90036
90037
90038
90039
90040
90041
90042
90043
90044
90045
90046
91001
91002
91003
91004
91005
91006
91007
91008
91009
91010
91011
91012
91013
91014
91015
91500
92001
92002
92003
92004
92005
92006
92007
92500
93001
93002
93003
93004
93005
93006
93007
93008
93009
93010
93011
93012
93013
93014
93015
93016
93017
93018
93019
93020
93021
93022
93023
93024
93025
93026
93027
93028
93029
93030
93031
93032
93033
93034
93035
93036
93037
93038
93039
93040
